  199312072017081001	2018-12-14 21:39:36	1	0	1	0
                  19	2018-12-16 22:29:33	1	0	1	0
                  19	2018-12-16 22:34:37	1	0	1	0
                  19	2018-12-16 22:34:41	1	0	1	0
                  19	2018-12-16 22:41:44	1	0	1	0
  199312072017081001	2018-12-17 07:39:41	1	0	1	0
  199412102017081001	2018-12-17 07:42:13	1	0	1	0
  196110191981032001	2018-12-17 07:48:45	1	0	1	0
  196804021993031001	2018-12-17 07:48:51	1	0	1	0
  199312262017081002	2018-12-17 07:48:54	1	0	1	0
  196205061983032001	2018-12-17 07:49:04	1	0	1	0
  197902112009121001	2018-12-17 07:49:10	1	0	1	0
  197412082006041001	2018-12-17 07:49:19	1	0	1	0
  196802141988121001	2018-12-17 07:49:25	1	0	1	0
  197107252001121001	2018-12-17 07:49:29	1	0	1	0
  199508302017081001	2018-12-17 07:49:32	1	0	1	0
  196312261986031002	2018-12-17 07:49:38	1	0	1	0
  196301141986031001	2018-12-17 07:49:43	1	0	1	0
  196110071985031002	2018-12-17 07:49:48	1	0	1	0
  196110071985031002	2018-12-17 07:49:49	1	0	1	0
  196401122001121001	2018-12-17 07:49:55	1	0	1	0
  197808312002121001	2018-12-17 07:50:00	1	0	1	0
  197808312002121001	2018-12-17 07:50:01	1	0	1	0
  198109212001121003	2018-12-17 07:50:03	1	0	1	0
  198109212001121003	2018-12-17 07:50:07	1	0	1	0
  196703171993032001	2018-12-17 07:50:13	1	0	1	0
  197304051995011001	2018-12-17 07:50:19	1	0	1	0
  196412231994031001	2018-12-17 07:50:24	1	0	1	0
  196412231994031001	2018-12-17 07:50:26	1	0	1	0
  197107252001121001	2018-12-17 07:50:47	1	0	1	0
  197405012001121001	2018-12-17 07:51:03	1	0	1	0
  197009171996031003	2018-12-17 07:51:08	1	0	1	0
  197002022001121001	2018-12-17 07:51:15	1	0	1	0
  196807122001121001	2018-12-17 07:51:18	1	0	1	0
  198004112000121002	2018-12-17 07:51:24	1	0	1	0
  198007102007011021	2018-12-17 07:51:29	1	0	1	0
  198608092014021004	2018-12-17 07:51:34	1	0	1	0
  196204111991031001	2018-12-17 07:51:39	1	0	1	0
  196111031990031001	2018-12-17 07:51:45	1	0	1	0
  197008291998031001	2018-12-17 07:51:50	1	0	1	0
  197002022001121001	2018-12-17 07:51:58	1	0	1	0
  196811291990032001	2018-12-17 07:52:03	1	0	1	0
  198605162006021001	2018-12-17 07:52:07	1	0	1	0
  197306132003121001	2018-12-17 07:52:16	1	0	1	0
  196802181993031001	2018-12-17 07:52:28	1	0	1	0
  197511132002121004	2018-12-17 07:52:34	1	0	1	0
  198809012010101001	2018-12-17 07:52:40	1	0	1	0
  196711201990031001	2018-12-17 07:52:44	1	0	1	0
  199412162016091001	2018-12-17 07:52:48	1	0	1	0
  198502132014021001	2018-12-17 07:52:52	1	0	1	0
  198107302001122001	2018-12-17 07:52:55	1	0	1	0
  199503042017082003	2018-12-17 07:52:57	1	0	1	0
  198508032008042003	2018-12-17 07:53:00	1	0	1	0
  196505101986032001	2018-12-17 07:53:06	1	0	1	0
  196505101986032001	2018-12-17 07:53:11	1	0	1	0
  199505132017082001	2018-12-17 07:53:16	1	0	1	0
  197703152008122001	2018-12-17 07:53:21	1	0	1	0
  196711051994032001	2018-12-17 07:53:26	1	0	1	0
  196708031992032008	2018-12-17 07:53:33	1	0	1	0
  196504171986032001	2018-12-17 07:53:39	1	0	1	0
  199406032016091003	2018-12-17 07:53:44	1	0	1	0
  198203162009121001	2018-12-17 07:53:52	1	0	1	0
  196608061994031001	2018-12-17 07:54:07	1	0	1	0
  197004011992031001	2018-12-17 07:54:13	1	0	1	0
  199607262017081001	2018-12-17 07:54:19	1	0	1	0
  199404162017082001	2018-12-17 07:54:24	1	0	1	0
  199505132017082001	2018-12-17 07:54:30	1	0	1	0
  199504082017082001	2018-12-17 07:54:35	1	0	1	0
  198110052009122001	2018-12-17 07:54:40	1	0	1	0
  197701072001122001	2018-12-17 07:54:46	1	0	1	0
  197605271995021001	2018-12-17 07:54:50	1	0	1	0
  196403031985032002	2018-12-17 07:54:56	1	0	1	0
  196606051991031001	2018-12-17 07:55:01	1	0	1	0
  198412212010012033	2018-12-17 07:55:04	1	0	1	0
  196710301993031001	2018-12-17 07:55:10	1	0	1	0
  199006012010101005	2018-12-17 07:55:13	1	0	1	0
  197405041998031001	2018-12-17 07:55:17	1	0	1	0
  197803152006041001	2018-12-17 07:55:20	1	0	1	0
  199303232015071003	2018-12-17 07:55:25	1	0	1	0
  198107082006041013	2018-12-17 07:55:30	1	0	1	0
  197803152006041001	2018-12-17 07:55:33	1	0	1	0
  197006072001121001	2018-12-17 07:55:36	1	0	1	0
  199312262016092003	2018-12-17 07:55:43	1	0	1	0
  197802091998031001	2018-12-17 07:55:53	1	0	1	0
  197904201998032001	2018-12-17 07:55:57	1	0	1	0
  198103152009122002	2018-12-17 07:56:04	1	0	1	0
  197406282001121001	2018-12-17 07:56:08	1	0	1	0
  197102111993011001	2018-12-17 07:56:13	1	0	1	0
  196802061993112001	2018-12-17 07:56:18	1	0	1	0
  197512152010121001	2018-12-17 07:56:24	1	0	1	0
  198609082014021002	2018-12-17 07:56:30	1	0	1	0
  199408082016092003	2018-12-17 07:56:36	1	0	1	0
  196312261986031001	2018-12-17 07:56:44	1	0	1	0
  198210222006042004	2018-12-17 07:56:58	1	0	1	0
  199408252016092001	2018-12-17 07:57:04	1	0	1	0
  198204272000121001	2018-12-17 07:57:10	1	0	1	0
  199309302015072001	2018-12-17 07:57:13	1	0	1	0
  199602062017082001	2018-12-17 07:57:18	1	0	1	0
  199508182017082003	2018-12-17 07:57:22	1	0	1	0
  198802072014022002	2018-12-17 07:57:27	1	0	1	0
  198312252014021002	2018-12-17 07:57:32	1	0	1	0
  197908102008121001	2018-12-17 07:57:34	1	0	1	0
  199203302016091002	2018-12-17 07:57:37	1	0	1	0
  199203302016091002	2018-12-17 07:57:40	1	0	1	0
  199004222015041001	2018-12-17 07:57:43	1	0	1	0
  197103051995011001	2018-12-17 07:57:47	1	0	1	0
  199304012016091001	2018-12-17 07:57:49	1	0	1	0
  197606172010122001	2018-12-17 07:57:52	1	0	1	0
  199503092016091001	2018-12-17 07:57:55	1	0	1	0
  198406112008121001	2018-12-17 07:57:57	1	0	1	0
  198506092008011003	2018-12-17 07:58:08	1	0	1	0
  199503042016092001	2018-12-17 07:58:12	1	0	1	0
  197301012001121001	2018-12-17 07:58:15	1	0	1	0
  199006052010102001	2018-12-17 07:58:17	1	0	1	0
  198601312014021003	2018-12-17 07:58:20	1	0	1	0
  198601312014021003	2018-12-17 07:58:21	1	0	1	0
  198601312014021003	2018-12-17 07:58:22	1	0	1	0
  199408012016091003	2018-12-17 07:58:24	1	0	1	0
  196301111989031001	2018-12-17 07:58:26	1	0	1	0
  196710061993022001	2018-12-17 07:58:30	1	0	1	0
  196910252000121001	2018-12-17 07:58:34	1	0	1	0
  196907301993031001	2018-12-17 07:58:36	1	0	1	0
  196706091992032006	2018-12-17 07:58:45	1	0	1	0
  199412172017082001	2018-12-17 07:59:04	1	0	1	0
  197907102006042001	2018-12-17 07:59:08	1	0	1	0
  198204062009122001	2018-12-17 07:59:12	1	0	1	0
  198507142010012019	2018-12-17 07:59:17	1	0	1	0
  199404262015072001	2018-12-17 07:59:22	1	0	1	0
  199404262015072001	2018-12-17 07:59:24	1	0	1	0
  199106122012061001	2018-12-17 07:59:33	1	0	1	0
  196206191994011001	2018-12-17 07:59:49	1	0	1	0
  199305292017082001	2018-12-17 07:59:52	1	0	1	0
  196810221987112001	2018-12-17 07:59:57	1	0	1	0
  197104131993112001	2018-12-17 08:00:02	1	0	1	0
  199304202016092001	2018-12-17 08:00:05	1	0	1	0
  199212272015071001	2018-12-17 08:00:07	1	0	1	0
  197204041994022001	2018-12-17 08:00:10	1	0	1	0
  197203241993032001	2018-12-17 08:00:13	1	0	1	0
  197407082003121001	2018-12-17 08:00:17	1	0	1	0
  199404262015072001	2018-12-17 08:00:23	1	0	1	0
  199509162017081001	2018-12-17 08:00:26	1	0	1	0
  196403021986031001	2018-12-17 08:00:36	1	1	1	0
  199603172017081001	2018-12-17 08:00:47	1	1	1	0
  196907301993031001	2018-12-17 08:00:55	1	1	1	0
  196209271985031001	2018-12-17 08:01:00	1	1	1	0
  199404212016091001	2018-12-17 08:01:06	1	1	1	0
  199404212016091001	2018-12-17 08:01:10	1	1	1	0
  198605152008122001	2018-12-17 08:01:16	1	1	1	0
  197606172010122001	2018-12-17 08:01:22	1	1	1	0
  199402232017081001	2018-12-17 08:01:27	1	1	1	0
  196710091996031001	2018-12-17 08:01:45	1	1	1	0
  196710091996031001	2018-12-17 08:01:46	1	1	1	0
  196906211993011001	2018-12-17 08:01:56	1	1	1	0
  196910252000121001	2018-12-17 08:02:04	1	1	1	0
  196301111989031001	2018-12-17 08:02:09	1	1	1	0
  196206191994011001	2018-12-17 08:02:32	1	1	1	0
  196406051999031001	2018-12-17 08:03:05	1	1	1	0
  196406051999031001	2018-12-17 08:03:09	1	1	1	0
  198210222006042004	2018-12-17 08:03:16	1	1	1	0
  198107082006041013	2018-12-17 08:03:19	1	1	1	0
  196710061993022001	2018-12-17 08:03:30	1	1	1	0
  198509212008012001	2018-12-17 08:03:45	1	1	1	0
  199509232017082002	2018-12-17 08:03:51	1	1	1	0
  199509232017082002	2018-12-17 08:03:55	1	1	1	0
  196711271996032001	2018-12-17 08:04:06	1	1	1	0
  196110071985031002	2018-12-17 08:04:27	1	1	1	0
  196208291983031002	2018-12-17 08:04:34	1	1	1	0
  198902112010101002	2018-12-17 08:04:40	1	1	1	0
  198902112010101002	2018-12-17 08:04:43	1	1	1	0
  199410032016091002	2018-12-17 08:05:21	1	1	1	0
  196706091992032006	2018-12-17 08:05:27	1	1	1	0
  198406112008121001	2018-12-17 08:05:43	1	1	1	0
  199312042015071001	2018-12-17 08:05:52	1	1	1	0
  197111251998032001	2018-12-17 08:05:53	1	0	1	0
  196401021985031002	2018-12-17 08:15:12	1	1	1	0
  198203012008011008	2018-12-17 08:15:25	1	1	1	0
  199405092016091002	2018-12-17 08:15:30	1	1	1	0
  199405092016091002	2018-12-17 08:15:33	1	1	1	0
  197601222008121001	2018-12-17 08:15:43	1	1	1	0
  198005072010121001	2018-12-17 08:15:53	1	1	1	0
  198609082014021002	2018-12-17 08:16:00	1	1	1	0
  197903062008011001	2018-12-17 08:28:33	1	1	1	0
  199404052016091006	2018-12-17 08:28:39	1	1	1	0
  199404052016091006	2018-12-17 08:28:41	1	1	1	0
  196706241998031001	2018-12-17 08:28:46	1	1	1	0
  199006242010101001	2018-12-17 08:28:51	1	1	1	0
  197704082008121002	2018-12-17 08:28:54	1	1	1	0
  196211061984032001	2018-12-17 08:28:58	1	1	1	0
  197611182008122002	2018-12-17 08:29:09	1	1	1	0
  198007082008121001	2018-12-17 08:29:14	1	1	1	0
  196212091993032001	2018-12-17 08:29:20	1	1	1	0
  198402042008121001	2018-12-17 08:29:26	1	1	1	0
  199105012012062002	2018-12-17 08:29:30	1	1	1	0
  199001122010101002	2018-12-17 08:29:33	1	1	1	0
  199010032010101002	2018-12-17 08:29:35	1	1	1	0
  199010032010101002	2018-12-17 08:29:38	1	1	1	0
  199507202017082001	2018-12-17 08:29:43	1	1	1	0
  199502152017082003	2018-12-17 08:29:48	1	1	1	0
  197609262001121001	2018-12-17 08:29:52	1	1	1	0
  199401072016091001	2018-12-17 08:29:55	1	1	1	0
  199401072016091001	2018-12-17 08:29:56	1	1	1	0
  199406282017081001	2018-12-17 08:29:58	1	1	1	0
  196704231994032004	2018-12-17 08:30:06	1	1	1	0
  198503242009121001	2018-12-17 08:30:16	1	1	1	0
  198906022014021001	2018-12-17 08:30:22	1	1	1	0
  199308082015071001	2018-12-17 08:30:27	1	1	1	0
  196807061993031001	2018-12-17 08:30:33	1	1	1	0
  198001012009121001	2018-12-17 08:30:38	1	1	1	0
  199102032012061001	2018-12-17 08:30:41	1	1	1	0
  199410312017081001	2018-12-17 08:30:44	1	1	1	0
  199307262017081002	2018-12-17 08:30:47	1	1	1	0
  198001012009121001	2018-12-17 08:30:54	1	1	1	0
  199503142016092001	2018-12-17 08:30:59	1	1	1	0
  199503142016092001	2018-12-17 08:31:01	1	1	1	0
  198507242003121001	2018-12-17 08:31:23	1	1	1	0
  199702122017081001	2018-12-17 08:31:27	1	1	1	0
  197906122008012015	2018-12-17 08:31:47	1	1	1	0
  196510201993012001	2018-12-17 08:32:00	1	1	1	0
  199409222016092001	2018-12-17 08:32:04	1	1	1	0
  199409222016092001	2018-12-17 08:32:07	1	1	1	0
  199409222016092001	2018-12-17 08:32:08	1	1	1	0
  196605221993031001	2018-12-17 08:32:14	1	1	1	0
  196403021986031001	2018-12-17 08:32:29	1	1	1	0
  196403021986031001	2018-12-17 08:32:42	1	1	1	0
  198609142008122002	2018-12-17 08:32:51	1	1	1	0
  197104221989111001	2018-12-17 08:32:56	1	1	1	0
  196510261986031001	2018-12-17 08:33:01	1	1	1	0
  196406131987121001	2018-12-17 08:33:13	1	1	1	0
  199504132016091001	2018-12-17 08:36:48	1	0	1	0
  199110012012061001	2018-12-17 08:37:03	1	0	1	0
  198207112009121002	2018-12-17 08:39:17	1	0	1	0
  199312072017081001	2018-12-17 08:40:02	1	0	1	0
  199312072017081001	2018-12-18 12:10:34	1	0	1	0
  199409072017081005	2018-12-18 12:11:20	1	0	1	0
  196706171994012001	2018-12-21 07:50:09	1	0	1	0
  198306052008011012	2018-12-21 07:50:27	1	0	1	0
  196706171994012001	2018-12-21 07:50:32	1	0	1	0
  198006272008121001	2018-12-21 07:50:35	1	0	1	0
  199111272012062002	2018-12-21 07:50:39	1	0	1	0
  196212091993032001	2018-12-21 07:50:46	1	0	1	0
  198107012009122002	2018-12-21 07:50:49	1	0	1	0
  198510042009122001	2018-12-21 07:50:57	1	0	1	0
  197803152006041001	2018-12-21 07:50:59	1	0	1	0
  196811231994032001	2018-12-21 07:51:03	1	0	1	0
  196407271993012001	2018-12-21 07:51:10	1	0	1	0
  196510201993012001	2018-12-21 07:51:15	1	0	1	0
  199602062017082001	2018-12-21 07:51:21	1	0	1	0
  196606031991032001	2018-12-21 07:51:28	1	0	1	0
  197306172001121001	2018-12-21 07:51:33	1	0	1	0
  196804301993031001	2018-12-21 07:51:38	1	0	1	0
  199404102016091002	2018-12-21 07:51:43	1	0	1	0
  199404102016091002	2018-12-21 07:51:46	1	0	1	0
  199302032015071001	2018-12-21 07:51:51	1	0	1	0
  196811231994032001	2018-12-21 07:51:59	1	0	1	0
  199505102017081001	2018-12-21 07:52:12	1	0	1	0
  199306272016091001	2018-12-21 07:52:20	1	0	1	0
  199306272016091001	2018-12-21 07:52:22	1	0	1	0
  199505102017081001	2018-12-21 07:52:25	1	0	1	0
  196710301993031001	2018-12-21 07:52:29	1	0	1	0
  198006272008121001	2018-12-21 07:52:44	1	0	1	0
  199404102016091002	2018-12-21 07:52:50	1	0	1	0
  199302032015071001	2018-12-21 07:52:52	1	0	1	0
  199409072017081005	2018-12-21 07:52:54	1	0	1	0
  199409072017081005	2018-12-21 07:52:58	1	0	1	0
  197405012001121001	2018-12-21 07:53:24	1	0	1	0
  198004292001121001	2018-12-21 07:53:30	1	0	1	0
  196209091988111001	2018-12-21 07:53:41	1	0	1	0
  199306272016091001	2018-12-21 07:54:36	1	0	1	0
  197905061997111001	2018-12-21 07:55:20	1	0	1	0
  198306052008011012	2018-12-21 07:55:23	1	0	1	0
  198508142010122001	2018-12-21 07:55:29	1	0	1	0
  196407271993012001	2018-12-21 07:55:48	1	0	1	0
  197001121998031002	2018-12-21 08:00:53	1	0	0	0
  199402222016091001	2018-12-21 08:01:37	1	0	1	0
  199402222016091001	2018-12-21 08:01:39	1	0	1	0
  197004011992031001	2018-12-21 08:43:39	1	0	1	0
  199410302016091002	2018-12-21 08:44:01	1	0	1	0
  199410302016091002	2018-12-21 08:44:02	1	0	1	0
  199410302016091002	2018-12-21 08:44:04	1	0	1	0
  199410302016091002	2018-12-21 08:44:06	1	0	1	0
  196312131993032001	2018-12-21 08:44:14	1	0	1	0
  197103202003122001	2018-12-21 08:44:21	1	0	1	0
  197103202003122001	2018-12-21 08:44:27	1	0	1	0
  198302172008012001	2018-12-21 08:44:33	1	0	1	0
  197611091997032001	2018-12-21 08:44:51	1	0	1	0
  199004052012062001	2018-12-21 08:45:11	1	0	1	0
  199004052012062001	2018-12-21 08:45:12	1	0	1	0
  199004052012062001	2018-12-21 08:45:14	1	0	1	0
  198109212001121003	2018-12-21 08:46:13	1	0	1	0
  198508022009122002	2018-12-21 08:47:08	1	0	1	0
  199409072017081005	2018-12-28 13:20:31	1	0	1	0
  199409072017081005	2018-12-28 13:20:36	1	0	1	0
  199409072017081005	2018-12-28 13:20:39	1	0	1	0
  199409072017081005	2018-12-31 07:54:44	1	0	1	0
  199409072017081005	2018-12-31 07:56:55	1	0	1	0
  199409072017081005	2018-12-31 07:57:17	1	0	1	0
  199402222016091001	2018-12-31 07:57:22	1	0	1	0
  199402222016091001	2018-12-31 07:57:25	1	0	1	0
  198510042009122001	2018-12-31 07:57:56	1	0	1	0
  198306052008011012	2018-12-31 07:59:27	1	0	1	0
  198306052008011012	2018-12-31 07:59:29	1	0	1	0
  197805031997021002	2018-12-31 07:59:36	1	0	1	0
  196908161998032001	2018-12-31 07:59:50	1	0	1	0
  196711051994032001	2018-12-31 08:00:11	1	0	1	0
  197905061997111001	2018-12-31 08:00:56	1	0	1	0
  196706171994012001	2018-12-31 08:01:06	1	0	1	0
  199306272016091001	2018-12-31 08:01:12	1	0	1	0
  199306272016091001	2018-12-31 08:01:14	1	0	1	0
  197803152006041001	2018-12-31 08:01:19	1	0	1	0
  197306172001121001	2018-12-31 08:01:25	1	0	1	0
  196804301993031001	2018-12-31 08:01:30	1	0	1	0
  199004052012062001	2018-12-31 08:01:34	1	0	1	0
  199004052012062001	2018-12-31 08:01:37	1	0	1	0
  199004052012062001	2018-12-31 08:01:39	1	0	1	0
  199602062017082001	2018-12-31 08:01:44	1	0	1	0
  197405012001121001	2018-12-31 08:01:50	1	0	1	0
  198107012009122002	2018-12-31 08:01:55	1	0	1	0
  198107012009122002	2018-12-31 08:01:57	1	0	1	0
  196407271993012001	2018-12-31 08:02:04	1	0	1	0
  196510201993012001	2018-12-31 08:02:11	1	0	1	0
  196209091988111001	2018-12-31 08:02:17	1	0	1	0
  199409072017081005	2018-12-31 08:02:25	1	0	1	0
  199602062017082001	2018-12-31 08:02:47	1	0	1	0
  197001121998031002	2018-12-31 08:31:05	1	0	0	0
  199409072017081005	2018-12-31 08:31:12	1	0	1	0
  199409072017081005	2018-12-31 08:43:22	1	0	1	0
  198508142010122001	2018-12-31 08:44:00	1	0	1	0
  199410302016091002	2018-12-31 08:45:55	1	0	1	0
  199410302016091002	2018-12-31 08:45:59	1	0	1	0
  197305071993031001	2018-12-31 08:47:07	1	0	1	0
  197305071993031001	2018-12-31 08:47:09	1	0	1	0
  197004011992031001	2018-12-31 08:47:15	1	0	1	0
  197312082003122003	2018-12-31 08:47:19	1	0	1	0
  198905222010101001	2018-12-31 08:49:59	1	0	1	0
  199409072017081005	2018-12-31 08:50:12	1	0	1	0
  199409072017081005	2019-01-04 16:48:18	1	0	1	0
  199409072017081005	2019-01-07 07:39:40	1	0	1	0
  199409072017081005	2019-01-07 07:39:45	1	0	1	0
  197312082003122003	2019-01-07 07:53:15	1	0	1	0
  199404102016091002	2019-01-07 07:53:41	1	0	1	0
  197007151996031001	2019-01-07 07:54:05	1	0	1	0
  196706171994012001	2019-01-07 07:54:11	1	0	1	0
  197805031997021002	2019-01-07 07:54:18	1	0	1	0
  198508022009122002	2019-01-07 07:54:24	1	0	1	0
  197803152006041001	2019-01-07 07:54:31	1	0	1	0
  197803152006041001	2019-01-07 07:54:34	1	0	1	0
  199404102016091002	2019-01-07 07:54:38	1	0	1	0
  196804301993031001	2019-01-07 07:54:41	1	0	1	0
  199111272012062002	2019-01-07 07:55:54	1	0	1	0
  196510201993012001	2019-01-07 07:56:46	1	0	1	0
  197103202003122001	2019-01-07 07:56:52	1	0	1	0
  197405012001121001	2019-01-07 07:56:59	1	0	1	0
  199602062017082001	2019-01-07 07:57:12	1	0	1	0
  196811231994032001	2019-01-07 07:57:17	1	0	1	0
  198508142010122001	2019-01-07 07:57:21	1	0	1	0
  197306172001121001	2019-01-07 07:57:26	1	0	1	0
  197905061997111001	2019-01-07 07:57:36	1	0	1	0
  199302032015071001	2019-01-07 07:58:58	1	0	1	0
  197001121998031002	2019-01-07 08:01:41	1	0	0	0
  196209091988111001	2019-01-07 08:28:11	1	0	1	0
  198109212001121003	2019-01-07 08:28:15	1	0	1	0
  198109212001121003	2019-01-07 08:28:18	1	0	1	0
  196907301993031001	2019-01-07 08:28:24	1	0	1	0
  197004011992031001	2019-01-07 08:28:33	1	0	1	0
  198506172014022002	2019-01-07 08:28:37	1	0	1	0
  196212091993032001	2019-01-07 08:28:45	1	0	1	0
  196212091993032001	2019-01-07 08:28:50	1	0	1	0
  198906282010101001	2019-01-07 08:28:58	1	0	1	0
  198906282010101001	2019-01-07 08:29:00	1	0	1	0
  198802252010101001	2019-01-07 08:29:04	1	0	1	0
  197305071993031001	2019-01-07 08:29:17	1	0	1	0
  197305071993031001	2019-01-07 08:29:19	1	0	1	0
  196312131993032001	2019-01-07 08:29:37	1	0	1	0
  196312131993032001	2019-01-07 08:29:40	1	0	1	0
  198306052008011012	2019-01-07 08:29:47	1	0	1	0
  198306052008011012	2019-01-07 08:29:49	1	0	1	0
  199305032017081001	2019-01-07 08:32:45	1	0	1	0
  199305032017081001	2019-01-07 08:32:47	1	0	1	0
  199305032017081001	2019-01-07 08:32:49	1	0	1	0
  199409072017081005	2019-01-07 08:35:09	1	0	1	0
  199409072017081005	2019-01-07 08:35:11	1	0	1	0
  199409072017081005	2019-01-07 08:35:12	1	0	1	0
  199004052012062001	2019-01-07 08:45:18	1	0	1	0
  198302172008012001	2019-01-07 08:45:25	1	0	1	0
  198302172008012001	2019-01-07 08:45:32	1	0	1	0
  197606242008122001	2019-01-07 08:45:48	1	0	1	0
  199410302016091002	2019-01-07 08:48:44	1	0	1	0
  198006272008121001	2019-01-07 08:53:40	1	0	1	0
  199306272016091001	2019-01-07 08:58:36	1	0	1	0
  199306272016091001	2019-01-07 08:58:38	1	0	1	0
  199505102017081001	2019-01-07 08:58:41	1	0	1	0
  199602062017082001	2019-01-07 08:59:44	1	0	1	0
  199404102016091002	2019-01-14 07:49:04	1	0	1	0
  199404102016091002	2019-01-14 07:49:07	1	0	1	0
  199404102016091002	2019-01-14 07:49:09	1	0	1	0
  196804301993031001	2019-01-14 07:49:49	1	0	1	0
  198006272008121001	2019-01-14 07:49:52	1	0	1	0
  198006272008121001	2019-01-14 07:49:55	1	0	1	0
  199602062017082001	2019-01-14 07:50:00	1	0	1	0
  199004052012062001	2019-01-14 07:50:14	1	1	1	0
  199602062017082001	2019-01-14 07:50:18	1	1	1	0
  196703171993032001	2019-01-14 07:50:29	1	1	1	0
  196811231994032001	2019-01-14 07:50:37	1	1	1	0
  199505102017081001	2019-01-14 07:50:40	1	1	1	0
  198112282008122001	2019-01-14 07:50:46	1	1	1	0
  198508022009122002	2019-01-14 07:50:53	1	1	1	0
  197306172001121001	2019-01-14 07:51:04	1	1	1	0
  197306172001121001	2019-01-14 07:51:09	1	1	1	0
  198508022009122002	2019-01-14 07:51:14	1	1	1	0
  197306172001121001	2019-01-14 07:51:19	1	1	1	0
  199302032015071001	2019-01-14 07:54:27	1	0	1	0
  197805031997021002	2019-01-14 07:54:32	1	0	1	0
  199111272012062002	2019-01-14 07:54:47	1	0	1	0
  198510042009122001	2019-01-14 07:54:50	1	0	1	0
  198509192004122001	2019-01-14 07:54:55	1	0	1	0
  199204212015071001	2019-01-14 07:55:00	1	0	1	0
  199204212015071001	2019-01-14 07:55:02	1	0	1	0
  199409072017081005	2019-01-14 07:55:36	1	0	1	0
  199409072017081005	2019-01-14 07:55:38	1	0	1	0
  199409072017081005	2019-01-14 07:55:41	1	0	1	0
  199409072017081005	2019-01-14 07:55:43	1	0	1	0
  197004011992031001	2019-01-14 07:55:56	1	0	1	0
  199409072017081005	2019-01-14 07:56:02	1	0	1	0
  197001121998031002	2019-01-14 07:57:19	1	0	0	0
  199409072017081005	2019-01-14 07:57:35	1	0	1	0
  196510201993012001	2019-01-14 08:05:25	1	0	1	0
  196510201993012001	2019-01-14 08:05:32	1	0	1	0
  197007151996031001	2019-01-14 08:33:53	1	0	1	0
  196606031991032001	2019-01-14 08:34:00	1	0	1	0
  198506172014022002	2019-01-14 08:34:06	1	0	1	0
  198107012009122002	2019-01-14 08:34:10	1	0	1	0
  198107012009122002	2019-01-14 08:34:12	1	0	1	0
  196212091993032001	2019-01-14 08:34:18	1	0	1	0
  196212091993032001	2019-01-14 08:34:21	1	0	1	0
  196212091993032001	2019-01-14 08:34:26	1	0	1	0
  196212091993032001	2019-01-14 08:34:27	1	0	1	0
  197103202003122001	2019-01-14 08:34:33	1	0	1	0
  197103202003122001	2019-01-14 08:34:39	1	0	1	0
  197405012001121001	2019-01-14 08:34:44	1	0	1	0
  198109212001121003	2019-01-14 08:34:48	1	0	1	0
  197905061997111001	2019-01-14 08:34:51	1	0	1	0
  199402222016091001	2019-01-14 08:34:55	1	0	1	0
  199305032017081001	2019-01-14 08:34:58	1	0	1	0
  199305032017081001	2019-01-14 08:35:00	1	0	1	0
  199305032017081001	2019-01-14 08:35:02	1	0	1	0
  199501192017081001	2019-01-14 08:35:04	1	0	1	0
  199501192017081001	2019-01-14 08:35:06	1	0	1	0
  199501192017081001	2019-01-14 08:35:07	1	0	1	0
  199409072017081005	2019-01-14 08:35:15	1	0	1	0
  197305071993031001	2019-01-14 08:35:40	1	0	1	0
  197305071993031001	2019-01-14 08:35:41	1	0	1	0
  197305071993031001	2019-01-14 08:35:43	1	0	1	0
  197305071993031001	2019-01-14 08:35:47	1	0	1	0
  196407271993012001	2019-01-14 08:49:08	1	0	1	0
  198302172008012001	2019-01-14 08:49:28	1	0	1	0
  198302172008012001	2019-01-14 08:49:36	1	0	1	0
  196407271993012001	2019-01-14 08:49:43	1	0	1	0
  197606242008122001	2019-01-14 08:50:27	1	0	1	0
  196312131993032001	2019-01-14 08:52:12	1	0	1	0
  196312131993032001	2019-01-14 08:52:17	1	0	1	0
  198306052008011012	2019-01-14 08:53:03	1	0	1	0
  198508142010122001	2019-01-14 08:57:30	1	0	1	0
  197312082003122003	2019-01-14 09:00:42	1	0	1	0
  196706171994012001	2019-01-21 07:44:18	1	0	1	0
  196703171993032001	2019-01-21 07:44:27	1	0	1	0
  196212091993032001	2019-01-21 07:44:38	1	0	1	0
  196212091993032001	2019-01-21 07:44:44	1	0	1	0
  199409072017081005	2019-01-21 07:45:15	1	0	1	0
  199409072017081005	2019-01-21 07:45:17	1	0	1	0
  199409072017081005	2019-01-21 07:45:20	1	0	1	0
  199508112017082001	2019-01-21 07:47:28	1	0	1	0
  199508112017082001	2019-01-21 07:47:32	1	0	1	0
  197004011992031001	2019-01-21 07:48:00	1	0	1	0
  199602062017082001	2019-01-21 07:48:13	1	0	1	0
  198006272008121001	2019-01-21 07:48:17	1	0	1	0
  198006272008121001	2019-01-21 07:48:19	1	0	1	0
  197405012001121001	2019-01-21 07:49:08	1	0	1	0
  198109212001121003	2019-01-21 07:49:26	1	0	1	0
  198109212001121003	2019-01-21 07:49:29	1	0	1	0
  199306272016091001	2019-01-21 07:49:32	1	0	1	0
  199505102017081001	2019-01-21 07:49:33	1	0	1	0
  199306272016091001	2019-01-21 07:49:35	1	0	1	0
  199505102017081001	2019-01-21 07:49:37	1	0	1	0
  196811231994032001	2019-01-21 07:49:43	1	0	1	0
  199111272012062002	2019-01-21 07:50:09	1	0	1	0
  199111272012062002	2019-01-21 07:50:10	1	0	1	0
  197803152006041001	2019-01-21 07:50:19	1	0	1	0
  199302032015071001	2019-01-21 07:50:23	1	0	1	0
  199501192017081001	2019-01-21 07:50:29	1	0	1	0
  199404102016091002	2019-01-21 07:52:50	1	0	1	0
  199404102016091002	2019-01-21 07:52:52	1	0	1	0
  199404102016091002	2019-01-21 07:52:53	1	0	1	0
  197306172001121001	2019-01-21 07:53:05	1	0	1	0
  197306172001121001	2019-01-21 07:53:09	1	0	1	0
  196804301993031001	2019-01-21 07:53:15	1	0	1	0
  198508022009122002	2019-01-21 07:53:54	1	0	1	0
  198508022009122002	2019-01-21 07:54:01	1	0	1	0
  197905061997111001	2019-01-21 07:54:41	1	0	1	0
  197905061997111001	2019-01-21 07:54:49	1	0	1	0
  197001121998031002	2019-01-21 08:00:12	1	0	0	0
  197805031997021002	2019-01-21 08:30:08	1	0	1	0
  197305071993031001	2019-01-21 08:30:15	1	0	1	0
  197305071993031001	2019-01-21 08:30:19	1	0	1	0
  196407271993012001	2019-01-21 08:30:30	1	0	1	0
  198103182009122001	2019-01-21 08:30:35	1	0	1	0
  198103182009122001	2019-01-21 08:30:47	1	0	1	0
  198506172014022002	2019-01-21 08:30:53	1	0	1	0
  198506172014022002	2019-01-21 08:30:58	1	0	1	0
  196407271993012001	2019-01-21 08:31:11	1	0	1	0
  199004052012062001	2019-01-21 08:31:26	1	0	1	0
  198510042009122001	2019-01-21 08:31:33	1	0	1	0
  199004052012062001	2019-01-21 08:31:37	1	0	1	0
  198510042009122001	2019-01-21 08:31:39	1	0	1	0
  198112282008122001	2019-01-21 08:37:00	1	0	1	0
  198508142010122001	2019-01-21 08:42:21	1	0	1	0
  196510201993012001	2019-01-21 08:42:36	1	0	1	0
  198302172008012001	2019-01-21 08:42:45	1	0	1	0
  197606242008122001	2019-01-21 08:43:01	1	0	1	0
  198004292001121001	2019-01-21 08:43:27	1	0	1	0
  197007151996031001	2019-01-21 08:44:15	1	0	1	0
  196606031991032001	2019-01-21 08:44:28	1	0	1	0
  196209091988111001	2019-01-21 08:44:35	1	0	1	0
  197312082003122003	2019-01-21 08:44:42	1	0	1	0
  196910071995011002	2019-01-21 08:44:55	1	0	1	0
  196910071995011002	2019-01-21 08:44:57	1	0	1	0
  198509192004122001	2019-01-21 08:45:06	1	0	1	0
  198509192004122001	2019-01-21 08:45:07	1	0	1	0
  199409072017081005	2019-01-21 08:48:24	1	0	1	0
  199409072017081005	2019-01-21 08:48:52	1	0	1	0
  196312131993032001	2019-01-21 08:48:56	1	0	1	0
  196312131993032001	2019-01-21 08:49:00	1	0	1	0
  198306052008011012	2019-01-21 08:49:21	1	0	1	0
  198306052008011012	2019-01-21 08:49:23	1	0	1	0
  198601312014021003	2019-01-25 21:11:19	1	0	1	0
                  19	2019-01-27 15:35:51	1	0	1	0
  199312072017081001	2019-01-27 20:20:04	1	0	1	0
  197910052005012016	2019-01-28 07:20:26	1	0	1	0
  198501022014022001	2019-01-28 07:24:11	1	0	1	0
  198411052014021003	2019-01-28 07:24:16	1	0	1	0
  196406131987121001	2019-01-28 07:30:57	1	0	1	0
  196406131987121001	2019-01-28 07:31:04	1	0	1	0
  196401231992031001	2019-01-28 07:31:55	1	0	1	0
  196710021993011001	2019-01-28 07:32:01	1	0	1	0
  196101051987101001	2019-01-28 07:38:02	1	0	1	0
  196101051987101001	2019-01-28 07:38:09	1	0	1	0
  198307062002121002	2019-01-28 07:38:49	1	0	1	0
  196101051987101001	2019-01-28 07:40:50	1	0	1	0
  196211051993011001	2019-01-28 07:40:53	1	0	1	0
  196211051993011001	2019-01-28 07:44:27	1	0	1	0
  198305202008031001	2019-01-28 07:44:34	1	0	1	0
  198305202008031001	2019-01-28 07:44:35	1	0	1	0
  196101051987101001	2019-01-28 07:44:41	1	0	1	0
  196101051987101001	2019-01-28 07:44:45	1	0	1	0
  196401231992031001	2019-01-28 07:44:51	1	0	1	0
  196401231992031001	2019-01-28 07:44:55	1	0	1	0
  199410292016091002	2019-01-28 07:45:01	1	0	1	0
  199410292016091002	2019-01-28 07:45:07	1	0	1	0
  196707042001121001	2019-01-28 07:45:13	1	0	1	0
  198307062002121002	2019-01-28 07:45:20	1	0	1	0
  196205111990031001	2019-01-28 07:45:31	1	0	1	0
  198107302001122001	2019-01-28 07:45:50	1	0	1	0
  199409052016092002	2019-01-28 07:46:00	1	0	1	0
  198002091998102001	2019-01-28 07:46:03	1	0	1	0
  198002091998102001	2019-01-28 07:46:05	1	0	1	0
  196406131987121001	2019-01-28 07:46:07	1	0	1	0
  199403162017081001	2019-01-28 07:46:11	1	0	1	0
  199403162017081001	2019-01-28 07:46:14	1	0	1	0
  198503162010012021	2019-01-28 07:46:18	1	0	1	0
  197703122008011016	2019-01-28 07:46:24	1	0	1	0
  197106041993032001	2019-01-28 07:46:33	1	0	1	0
  197406042006042023	2019-01-28 07:46:44	1	0	1	0
  199505302017082001	2019-01-28 07:46:50	1	0	1	0
  199505302017082001	2019-01-28 07:46:53	1	0	1	0
  197512041996031001	2019-01-28 07:46:57	1	0	1	0
  196604141988111001	2019-01-28 07:47:03	1	0	1	0
  198302222009121001	2019-01-28 07:47:09	1	0	1	0
  197407121999032006	2019-01-28 07:47:17	1	0	1	0
  197407121999032006	2019-01-28 07:47:23	1	0	1	0
  197605172002122006	2019-01-28 07:47:28	1	0	1	0
  197605172002122006	2019-01-28 07:47:31	1	0	1	0
  197909092008121002	2019-01-28 07:47:37	1	0	1	0
  197306091993111002	2019-01-28 07:47:43	1	0	1	0
  197601232003121004	2019-01-28 07:47:51	1	0	1	0
  197002191994031001	2019-01-28 07:47:59	1	0	1	0
  196305021985031001	2019-01-28 07:48:24	1	0	1	0
  197112081993031001	2019-01-28 07:48:31	1	0	1	0
  197112081993031001	2019-01-28 07:48:40	1	0	1	0
  196311271992032001	2019-01-28 07:48:47	1	0	1	0
  198001052006042001	2019-01-28 07:48:52	1	0	1	0
  197009141996121001	2019-01-28 07:49:01	1	0	1	0
  199212292017081001	2019-01-28 07:49:06	1	0	1	0
  198906242010101002	2019-01-28 07:49:12	1	0	1	0
  196711041996031005	2019-01-28 07:49:18	1	0	1	0
  196308021990122001	2019-01-28 07:49:25	1	0	1	0
  196308021990122001	2019-01-28 07:49:27	1	0	1	0
  197512181994032001	2019-01-28 07:49:35	1	0	1	0
  197607312009122001	2019-01-28 07:49:45	1	0	1	0
  196903211993012001	2019-01-28 07:49:52	1	0	1	0
  198201292010122001	2019-01-28 07:50:03	1	0	1	0
  198201292010122001	2019-01-28 07:50:05	1	0	1	0
  198201292010122001	2019-01-28 07:50:11	1	0	1	0
  196205241992031001	2019-01-28 07:50:16	1	0	1	0
  196211241990032001	2019-01-28 07:50:26	1	0	1	0
  196507271994032001	2019-01-28 07:50:32	1	0	1	0
  196507271994032001	2019-01-28 07:50:34	1	0	1	0
  197203241993032001	2019-01-28 07:50:40	1	0	1	0
  196406261993012001	2019-01-28 07:50:46	1	0	1	0
  199010242014021002	2019-01-28 07:50:52	1	0	1	0
  197911111998032001	2019-01-28 07:50:58	1	0	1	0
  197911111998032001	2019-01-28 07:51:02	1	0	1	0
  198301312009121001	2019-01-28 07:51:10	1	0	1	0
  198903192014021001	2019-01-28 07:51:18	1	0	1	0
  198903192014021001	2019-01-28 07:51:20	1	0	1	0
  196511121987121001	2019-01-28 07:51:27	1	0	1	0
  199201042014061002	2019-01-28 07:51:48	1	0	1	0
  198710302014022003	2019-01-28 07:52:01	1	0	1	0
  199405212017082001	2019-01-28 07:52:06	1	0	1	0
  197508091995032001	2019-01-28 07:52:11	1	0	1	0
  197705031995111001	2019-01-28 07:52:17	1	0	1	0
  196807091996031001	2019-01-28 07:52:22	1	0	1	0
  196103121986102001	2019-01-28 07:52:34	1	0	1	0
  199302252016091001	2019-01-28 07:52:40	1	0	1	0
  198604142005012001	2019-01-28 07:52:50	1	0	1	0
  198505112014022002	2019-01-28 07:52:55	1	0	1	0
  197907042001121001	2019-01-28 07:53:07	1	0	1	0
  197803121996121001	2019-01-28 07:53:11	1	0	1	0
  196706131993031001	2019-01-28 07:53:19	1	0	1	0
  198007122009121001	2019-01-28 07:53:22	1	0	1	0
  199212072016091001	2019-01-28 07:53:27	1	0	1	0
  199212072016091001	2019-01-28 07:53:32	1	0	1	0
  196806041994021001	2019-01-28 07:53:37	1	0	1	0
  198502132014021001	2019-01-28 07:53:41	1	0	1	0
  196202111986031001	2019-01-28 07:53:46	1	0	1	0
  196202111986031001	2019-01-28 07:53:47	1	0	1	0
  198203082014022001	2019-01-28 07:53:52	1	0	1	0
  197804112008012016	2019-01-28 07:54:01	1	0	1	0
  199609052017082001	2019-01-28 07:54:08	1	0	1	0
  198002082001121001	2019-01-28 07:54:14	1	0	1	0
  196508221988031001	2019-01-28 07:54:20	1	0	1	0
  196508221988031001	2019-01-28 07:54:26	1	0	1	0
  198203062008121001	2019-01-28 07:54:31	1	0	1	0
  198307302008122001	2019-01-28 07:54:37	1	0	1	0
  198310132010122001	2019-01-28 07:54:45	1	0	1	0
  198508172014021002	2019-01-28 07:54:53	1	0	1	0
  196208181988032002	2019-01-28 07:54:59	1	0	1	0
  197410212001122001	2019-01-28 07:55:07	1	0	1	0
  196208181988032002	2019-01-28 07:55:12	1	0	1	0
  198611172010121002	2019-01-28 07:56:18	1	0	1	0
  199408122016092001	2019-01-28 07:56:29	1	0	1	0
  199408122016092001	2019-01-28 07:56:34	1	0	1	0
  199411032017082001	2019-01-28 07:56:38	1	0	1	0
  197204041994022001	2019-01-28 07:56:44	1	0	1	0
  199411092016091001	2019-01-28 07:56:50	1	0	1	0
  198105152006041001	2019-01-28 07:56:56	1	0	1	0
  199506222017081001	2019-01-28 07:56:59	1	0	1	0
  199506222017081001	2019-01-28 07:57:05	1	0	1	0
  198505122003121001	2019-01-28 07:57:12	1	0	1	0
  196811161990031001	2019-01-28 07:57:17	1	0	1	0
  196909042005012001	2019-01-28 07:57:41	1	0	1	0
  196111021994031001	2019-01-28 07:57:50	1	0	1	0
  197804262000121001	2019-01-28 07:57:56	1	0	1	0
  197804262000121001	2019-01-28 07:57:58	1	0	1	0
  198002152009122001	2019-01-28 07:58:03	1	0	1	0
  197412232009122001	2019-01-28 07:58:09	1	0	1	0
  197810032000122001	2019-01-28 07:58:15	1	0	1	0
  199301222015072001	2019-01-28 07:58:17	1	0	1	0
  196304171993031001	2019-01-28 07:58:24	1	0	1	0
  197110141996121001	2019-01-28 07:58:31	1	0	1	0
  199507112017081001	2019-01-28 07:58:35	1	0	1	0
  198210222006042004	2019-01-28 07:58:39	1	0	1	0
  198010072009011006	2019-01-28 07:58:43	1	0	1	0
  199509162017081003	2019-01-28 07:58:47	1	0	1	0
  198412192008122001	2019-01-28 07:58:54	1	0	1	0
  196310081985012001	2019-01-28 07:58:59	1	0	1	0
  197210281996122001	2019-01-28 07:59:11	1	0	1	0
  199107012012061001	2019-01-28 07:59:18	1	0	1	0
  199304092015072001	2019-01-28 07:59:25	1	0	1	0
  199410182016092001	2019-01-28 07:59:28	1	0	1	0
  199611122018121001	2019-01-28 07:59:34	1	0	1	0
  199706162018121002	2019-01-28 07:59:39	1	0	1	0
  199310132017081001	2019-01-28 07:59:43	1	0	1	0
  197311211993032001	2019-01-28 07:59:53	1	0	1	0
  199208072015071003	2019-01-28 07:59:58	1	0	1	0
  199208072015071003	2019-01-28 08:00:01	1	0	1	0
  198405132003121001	2019-01-28 08:00:44	1	0	1	0
  198604302004121003	2019-01-28 08:00:50	1	0	1	0
  198210052008012014	2019-01-28 08:00:54	1	0	1	0
  197207312000031001	2019-01-28 08:01:43	1	0	1	0
  198806242007011001	2019-01-28 08:01:53	1	0	1	0
  198709152010122001	2019-01-28 08:01:57	1	0	1	0
  198709152010122001	2019-01-28 08:02:03	1	0	1	0
  197703191996121001	2019-01-28 08:18:04	1	0	1	0
  198410102008122001	2019-01-28 08:21:22	1	0	1	0
  198109022008012015	2019-01-28 08:34:08	1	0	1	0
  197207312000031001	2019-01-28 08:34:32	1	0	1	0
  197207221997032001	2019-01-28 08:34:46	1	0	1	0
  198509212008012001	2019-01-28 08:34:51	1	0	1	0
  197904142006041029	2019-01-28 08:34:56	1	0	1	0
  199105142014061002	2019-01-28 08:35:04	1	0	1	0
  198204172000122001	2019-01-28 08:35:09	1	0	1	0
  198302172008012001	2019-01-28 08:35:17	1	0	1	0
  196408181993031001	2019-01-28 08:35:23	1	0	1	0
  198008122006042001	2019-01-28 08:35:28	1	0	1	0
  199301042015072001	2019-01-28 08:35:31	1	0	1	0
  198210152010122001	2019-01-28 08:35:39	1	0	1	0
  196901121993032001	2019-01-28 08:35:45	1	0	1	0
  199005092012061002	2019-01-28 08:35:52	1	0	1	0
  197304071994031001	2019-01-28 08:35:57	1	0	1	0
  196708311995012001	2019-01-28 08:36:11	1	0	1	0
  198002181999122001	2019-01-28 08:36:25	1	0	1	0
  198410192008122002	2019-01-28 08:36:31	1	0	1	0
  199312172015072001	2019-01-28 08:36:35	1	0	1	0
  198112112008122001	2019-01-28 08:36:42	1	0	1	0
  198006022008122001	2019-01-28 08:36:56	1	0	1	0
  198407232014022001	2019-01-28 08:37:01	1	0	1	0
  198005252008012001	2019-01-28 08:37:03	1	0	1	0
  199012202014022005	2019-01-28 08:37:08	1	0	1	0
  196303161986031001	2019-01-28 08:37:20	1	0	1	0
  197110121996031001	2019-01-28 08:37:26	1	0	1	0
  197110121996031001	2019-01-28 08:37:31	1	0	1	0
  196303161986031001	2019-01-28 08:37:38	1	0	1	0
  196303161986031001	2019-01-28 08:37:46	1	0	1	0
  198309162010121001	2019-01-28 08:37:51	1	0	1	0
  199006242010101001	2019-01-28 08:37:58	1	0	1	0
  199507202017082003	2019-01-28 08:38:17	1	0	1	0
  196206071983031001	2019-01-28 08:40:08	1	0	1	0
  196206071983031001	2019-01-28 08:40:13	1	0	1	0
  196802141988121001	2019-01-28 08:40:19	1	0	1	0
  198507112008011002	2019-01-28 08:40:45	1	0	1	0
  199509062017081001	2019-01-28 08:44:39	1	0	1	0
  196411251993031001	2019-01-28 08:46:25	1	0	1	0
  198001042010122002	2019-01-28 08:51:55	1	0	1	0
  199006282012061001	2019-01-28 08:52:24	1	0	1	0
